6716
92
190
367
148
146
196
658
43
135
91
545
156
6423
90
650
100
1755
675
374
283
623
29
2150
102
1910
351
317
16
840
207
1111
323
1999
302
688
284
841
306
1950
208
1902
324
360
27
199
81
5071
87
1308
667
2115
65981
1896
166
2261
182
2260
334
1839
409
1742
223
2263
58
5159
14
7060
348
654
476
1645
31
3162
32
200958
158
8626
210
10346
267
7041
329
5579
86
1789
408
2247
309
5027
405
2302
301
1475
836
1677
581
1602
648
2637
388
2246
506
1663
20
2255
382
2627
34
3082
239
3084
320
4803
387
2199
604
3556
661
3625
966
2324
659
3169
328
6242
331
6926
394
2001
491
3800
538
2304
579
5396
613
3656
128
4316
567
3164
472
2171
975
3487
652
1462
384
4093
657
3224
1399
6422
498
6091
540
4855
595
4863
637
5218
818
5167
949
6286
889
6356
118
6366
373
5874
391
5909
392
9639
396
8711
1017
1033
3787
1027
4583
572
4504
664
665
201294
578
6375
488
7225
1499
863
861
2042
1032
6657
546
7477
585
4867
1545
3987
672
580
2175
2178
2189
2690
1213
8218
891
10537
361
2634
9466
961
9423
780
9806
871
6692
1051
6288
972
1646
51
5742
240
1906
111
997
1268
1979
5733
1604
2826
2280
3485
641
2237
890
4998
990
4171
1019
56034
197131
90665
899
161582
687
811
6258
1592
7482
598
2254
1490
2251
2885
6425
406
8321
754
8740
389
6398
1147
133396
1020
4889
1129
6581
1140
6752
1760
5652
864
4916
1385
2864
2281
8764
868
27033
896
1030
9719
1028
8578
1855
6382
694
9759
226
473
10474
676
11107
1105
26013
996
10636
402
9732
403
10411
998
2125
1500
6663
960
5293
3551
8517
8743
1893
9365
4054
6660
649
81029
1432
7015
142
5591
7520
2547
11200
662
9641
835
11035
939
8482
1054
11213
1130
954
2621
8323
1453
10297
1454
11211
1104
84722
1062
3643
9021
1978
2034
7352
539
6549
1352
84679
1355
2645
9002
3357
3359
3816
1119
5168
1120
9807
3612
80235
3667
10461
1029
9170
1278
7837
847
6583
1201
25825
1718
10017
573
23529
842
6586
2011
8022
1523
7399
582
10677
1874
79582
2934
9788
1072
60
71
10060
1174
114548
1191
27232
638
160851
989
53840
1291
56302
1292
1429
7363
2941
54490
2946
54600
2948
2950
9966
1611
85329
1031
23612
1605
9963
1512
10512
1386
30812
1739
7275
2782
85004
1967
23362
1969
9066
1289
8434
1471
140766
2022
9915
1365
89780
369
9024
673
1195
2045
84446
983
23678
1603
89884
1831
25803
1522
59350
1717
64137
2539
112744
1909
10203
2316
2317
80833
1936
1937
1933
6124
6133
6188
6633
6635
6636
10772
1153
8994
1778
26747
3692
4154
221833
1649
147495
1540
78990
2648
26047
2131
222537
2132
29940
6934
10468
1622
1958
84870
1601
29969
1464
10912
1845
5800
132160
1848
151742
1856
23005
1857
23566
2305
10256
2768
26585
1889
130497
1196
1956
168667
2004
23166
2321
25960
2624
10234
2625
10568
2033
2626
6528
4724
53905
4734
9962
6523
347732
3301
3633
5991
54097
2746
51166
2729
25816
2308
2537
2739
2932
11117
1942
54997
2309
3148
9271
1738
3267
3306
5048
4909
1476
81627
2059
2395
10242
48
27345
311
801
805
808
2353
3725
467
54538
2683
10631
1840
84441
1948
58495
1832
2019
50964
1642
51132
1616
56776
4628
9401
509
515
4709
10574
25978
513
514
521
522
902
1022
1653
25788
1647
55559
1069
3796
3832
3925
4292
7011
2067
2072
51567
2140
3014
3364
56852
1643
57761
2542
28999
2065
2887
2931
3065
54829
2530
2734
64764
2202
2736
2778
27189
3398
3726
84700
677
1827
2064
3913
4038
9369
1960
117194
2744
2898
2914
3064
10873
63826
55117
1497
5663
10800
3708
55503
5025
29995
5032
5621
6850
84958
2054
55521
4218
261729
2803
3875
4644
59341
310
928
1495
2335
2747
3624
3728
3915
4041
4087
4089
4092
29974
2776
27289
4204
93210
3931
4534
4952
5130
5154
5155
22801
752
9353
64333
2889
3845
4650
4763
4983
5147
5300
5862
5867
5868
5870
5873
5879
5899
5900
5906
5908
5911
6002
6102
6237
6654
23213
3340
7057
6578
1636
2806
5467
10998
376497
54677
56923
5031
1192
22802
6509
6521
6522
6558
8542
9022
9368
9990
10316
347148
6272
57113
5310
10603
1270
3572
3717
4771
5311
389816
3762
3772
3775
4905
5978
7248
9107
9525
23315
27094
6774
6777
8651
9146
23568
116379
51379
51701
55250
128869
51201
4836
8813
8818
9488
10533
84992
23390
23118
3315
3654
4615
81035
3329
3336
4240
4792
5970
4790
4794
5971
4791
7100
7187
8767
9572
140885
10062
340061
81622
148022
23210
60677
1655
2334
3178
3185
3187
4670
4857
5725
6626
10921
5936
6207
6231
6421
6426
6431
6434
6625
6631
6651
6733
7072
7919
8233
8621
9785
10150
10181
10212
10291
10419
6632
10569
10658
10922
10978
11168
11193
11338
80746
84081
84292
84844
283989
22938
23020
23435
24148
26121
27316
3190
27339
92906
29890
29896
51163
51319
51340
51493
51747
54496
54960
58155
58517
29110
114609
54106
57506
3956
4055
4215
5494
5536
5581
5716
5966
6275
6284
6574
6885
7105
7132
8717
7186
7188
7189
7205
7334
7335
8737
8772
8795
8837
8878
23710
8915
8945
9020
9093
9218
9220
9516
10010
10206
10342
10616
10758
10769
10783
10892
11040
11124
142678
79155
79594
79753
80762
80829
81858
541468
84336
347734
153090
22900
23085
23636
222068
353376
92140
27032
92610
497661
51026
51246
51523
54602
54862
55072
56674
56957
57153
57708
124583
653519
65018
25999
51304
54344
54872
55625
55650
5371
23532
5914
6256
5916
6257
7050
10626
55904
5530
5664
6717
6786
7220
7421
7442
7466
8913
10488
84876
22821
219931
24145
91404
25998
27113
51393
53373
54822
57620
80727
9702
10252
10253
10817
10818
51552
53834
55614
55959
64399
6655
6729
6903
6904
7249
7410
7879
8567
8766
92359
3911
5170
5525
9053
10580
23433
26060
26119
27035
375790
64398
8890
8891
8892
8893
9181
9230
9367
9693
9727
9828
9855
9910
9950
10156
10399
10564
10565
10928
11033
79631
80005
81565
83547
83871
84079
84340
85440
85476
22836
22894
22930
23011
23161
23236
23263
23299
23348
23370
23513
23560
221178
26000
26130
26286
27352
29127
30851
112574
114822
115703
51429
116985
55160
55357
57120
57403
57610
57679
64121
64786
51330
57669
5286
5289
5290
5291
5296
5444
5728
338442
6868
7067
10296
137964
6901
7040
8394
8396
8398
8503
8867
8897
10555
23049
51099
51100
55361
55500
55627
56994
100137049
5925
59277
3054
4088
4194
5190
6929
7320
7917
8613
9099
10437
10787
11186
11315
83548
84897
23515
23673
89781
91949
55294
5000
4173
4174
4176
4172
8317
23594
6749
11198
4175
55388
4361
5422
5424
5813
7884
8243
8883
9126
5885
9134
10735
81620
51053
84268
246243
54962
56652
56897
5140
5211
5339
5585
5781
5796
5829
6720
6814
7094
7157
7414
8322
8425
9324
9344
9451
9819
11132
81628
23409
23499
27230
27445
51564
51738
55636
4851
5217
5413
5460
5898
6809
6812
8548
8773
8775
9341
9545
9846
10133
10497
10652
10972
148281
23557
375056
54843
63971
6533
6548
6584
8501
8604
8671
206358
10165
83959
85413
23327
23428
115286
54407
120103
64078
64849
3265
4646
5566
5568
5747
6310
6623
7416
7419
7532
8416
9031
9097
9145
9546
10755
11343
23095
23287
23542
54899
55327
57706
64130
64854
23705
4629
4643
4915
5058
5921
6497
6597
6599
6640
7048
7422
8879
51170
5469
7923
25976
59338
9444
10014
10370
10413
10939
83605
22976
23414
93649
29072
51162
57178
4627
4853
5295
6670
6886
7018
7030
7037
7071
8473
8563
10272
10766
22985
28962
56998
3091
3202
3491
4040
4086
4094
4209
5307
5578
5595
5915
6468
6591
6683
7059
8313
9183
10498
29959
50515
55790
9653
56548
22856
55454
55501
57222
3066
7913
3309
3399
3622
3655
3714
3912
4090
4091
4214
4221
4778
5654
6498
6664
6794
7043
7046
8239
8312
8754
9372
11171
80381
283149
23405
23592
25805
28996
163126
51119
51592
54778
54880
55589
56940
57154
58533
124857
3099
4664
4665
4781
6513
7431
10567
7525
8682
79058
26227
92579
55600
252983
3093
3300
3984
4085
991
701
4193
4850
5930
6015
6045
6049
6477
6500
6502
6737
7126
7267
7319
7321
7322
7323
7324
7325
7326
7327
7328
7332
7337
7375
7428
7703
7844
8315
8452
8454
8658
8697
8805
8881
8924
9025
9040
9474
9604
9646
9683
9690
9810
9867
9903
9978
10013
10075
10116
10188
10193
10210
10221
10273
10277
10299
10393
10425
10444
10459
10477
10956
11059
11060
11236
11342
79176
79577
79654
80351
81559
81844
81847
83737
84101
84231
84282
84759
150684
151636
22954
23291
23295
23304
23326
23376
23429
23512
23624
23640
23759
220972
90678
25820
25847
25898
26001
26133
26224
26234
26270
26271
26272
26994
27252
27338
92912
29116
29882
29945
29979
165918
246184
115426
51160
51185
51256
51257
51322
51343
51366
51433
51434
51529
51619
51667
54476
54623
54708
54926
55128
55159
55236
55284
55743
55819
55832
55958
56254
57092
57332
253980
57448
123169
255488
64219
64422
64682
64750
130507
2068
2071
2073
2074
2956
4436
5429
5599
7391
7398
7508
7528
10856
2222
8607
83695
51455
54929
55031
55075
123879
3981
4683
5531
5932
6117
6118
7336
7415
7518
7979
8467
9577
9907
10111
10933
79035
79184
79728
79840
79913
151987
23064
23503
51720
51750
54840
55317
64859
4609
7013
7014
8771
79991
80119
23293
25913
26277
54386
64858
65057
4869
5108
6047
203068
7283
7514
8409
8841
9371
9475
9611
9648
9696
9793
10460
10579
11190
151648
23122
23177
23332
91147
26973
28989
29901
115106
116840
54801
54820
55142
55755
4750
4860
9429
5631
56606
55604
5810
5883
6648
7159
9575
11073
1869
143570
25836
25896
57646
58493
65123
2186
2965
2967
3312
3320
2288
10598
10728
27306
4282
9536
145482
127281
3508
4331
5018
5189
5243
5524
5701
10213
5700
5708
5719
5702
5705
5704
5706
5709
5710
5717
10980
7083
5707
5718
5928
5976
5983
6596
6832
7169
9114
9361
9463
9551
4700
9557
9619
9775
10049
10058
10300
10476
10632
10845
11104
79039
79784
81930
23457
93974
29789
50485
54431
57680
10899
3326
4189
5094
5516
5527
5693
5886
5887
6613
6872
6880
6907
7184
7251
7341
7329
8078
9695
10613
10869
10952
11160
11253
79139
79718
79791
80020
80267
84447
23347
23392
27248
51009
54764
54850
55432
2010
3280
3397
3611
3975
4035
4163
200894
5204
6259
6478
6714
6789
6801
7089
7472
7976
8646
8861
8932
9113
9736
9968
10076
83595
85458
219771
23770
90780
25776
25884
25937
26524
27031
27122
27130
51684
51715
51741
54795
55366
55681
57045
2549
2702
2969
3142
3182
3297
3516
3685
3688
3849
4211
4303
4691
7150
4775
4831
5176
5316
5333
5335
5515
9319
5587
5594
5598
5604
5797
6050
6303
7280
6464
6615
6667
6722
7161
7342
7423
7453
7716
7763
7857
7942
8092
8650
8751
8829
9464
9794
10155
10163
10487
10553
10628
10660
10672
10908
10959
80781
84159
84934
23054
23129
25865
25932
26259
113878
116113
51378
51752
54206
54583
55109
55534
55612
55759
56913
57142
57534
60485
60675
64783
196403
2192
3958
5033
5268
7148
8985
11285
79875
51144
64094
3727
3858
4205
4520
4891
29986
23516
25800
27173
64924
5601
140576
85365
22872
353174
553115
3073
4864
5090
6905
26058
27429
123803
3675
5819
9519
10919
11047
51377
147912
22862
23139
27125
50511
55342
3276
2521
10236
3295
6874
7536
7544
8204
8294
8359
8360
8361
8362
8363
8364
8365
8366
8367
8368
8370
8531
8894
10046
83706
23411
23598
554313
161882
121504
4059
7402
9270
10174
80725
84168
4170
4976
5423
7001
8539
9479
9531
26353
9616
10114
10449
10542
10572
11325
81542
22809
25855
26574
51065
51283
51499
57099
57591
2730
2805
53340
2947
5929
8085
9070
285464
7026
3431
3661
6772
6773
9111
10379
7096
8493
8976
10458
10935
11221
23318
55971
2118
2874
2896
3476
3707
4216
4217
4294
4296
4616
4824
4830
5052
5606
5607
5608
5609
5660
5871
6416
6764
7077
7164
9043
9255
9448
9500
9618
9821
10159
10522
10782
10987
7347
11030
8572
9802
11331
79084
80824
23043
23162
27086
93986
29937
51196
51231
51347
54910
55145
55715
57447
57551
57630
128239
2185
3203
3638
5087
6492
6672
8273
8575
8820
140467
9935
10083
10194
11344
80856
51141
54332
55083
56243
124641
64412
3621
3837
5901
5902
3838
3840
3843
4000
4968
6711
7295
7494
8021
9670
10527
23534
23633
23649
2146
51194
55023
55696
55705
5912
6251
6386
8036
8408
8525
8625
8727
9101
9826
9927
11135
11188
22800
23580
28988
57826
1849
2139
2629
4659
5496
5499
5500
5501
5518
5520
5532
5537
5580
5770
5771
5774
5775
5780
5782
5783
5791
5792
5801
6609
7529
7531
7534
7957
8611
10106
150290
85464
26191
26469
92609
54434
57026
58190
9079
94234
59272
2534
3251
5194
5802
5830
7025
7155
7832
9253
9612
23028
6314
6881
7874
8237
8295
8314
8464
9100
9958
9960
10600
10868
84132
219333
23032
27005
114803
55611
56943
56970
57599
126119
6208
6311
6895
8661
149041
83939
219988
26065
26284
55011
55164
4343
5935
26523
27161
27327
29102
51593
54487
192670
192669
6637
6634
27258
23658
2771
165140
56246
64805
1997
3659
3665
3988
5045
5074
5443
5603
6647
10621
10622
10623
10725
11120
11128
11326
84901
23308
23765
51135
55703
56829
59307
3156
3949
4047
5828
6646
7376
10577
22937
2908
4124
4926
7392
8202
8914
10905
284217
64759
2049
3983
4076
4133
4681
5364
7408
8301
8609
9048
10381
10494
10507
150465
23077
23191
23303
23654
55201
55740
5884
25988
57060
60561
261726
5062
5590
5894
6196
7786
8569
22853
51763
127933
1001
1627
1785
2926
3257
3801
4297
4651
4780
5338
5573
5817
5818
6093
6376
6461
7296
7430
204851
8546
8763
9076
10006
79872
83439
22920
22955
23451
23648
25861
25945
26258
26999
3163
3275
5351
5352
10397
112398
54541
64428
3299
5451
5954
10152
10848
79888
23424
60436
130557
5610
6103
6840
10472
10791
23309
2548
4061
6604
7052
7168
7468
1613
1676
1984
2081
133746
3092
4722
5287
6189
6198
6199
6453
203245
7023
8445
8738
8930
9191
9262
9263
9445
9521
9994
10955
11218
50628
6628
79156
149428
150094
84883
284110
23087
23368
27018
27141
29115
29843
29844
29965
162989
51079
51118
51147
56950
387893
63924
64065
9131
23787
54205
55081
64112
9049
27284
54578
1666
2040
3039
3040
4077
5195
5213
6240
6241
6470
138050
7915
8527
10801
10938
11051
11052
79077
81846
84869
85363
87178
89122
222484
25923
30844
30845
112939
51076
51181
54974
55752
55856
27430
2023
2962
3669
4486
4953
5683
5686
5685
5682
5688
5687
5684
6210
7178
8725
9213
79158
81576
22948
6950
908
7203
285381
25939
26297
27236
30009
163702
55240
58487
64215
64285
1729
1730
4690
6249
8440
11034
11076
22919
23189
51466
51474
58526
5116
10096
79738
25930
27148
117177
54806
54903
55742
9657
5538
5641
6418
5757
80331
23394
353116
27242
56751
64802
51107
63941
8694
84803
23175
55326
57104
1728
2119
3417
4710
4720
4728
5831
7171
9588
9943
10131
11284
79661
84919
25824
93100
51022
55967
5191
4878
6095
8654
5786
64397
5119
6194
6128
7175
9184
9918
10051
10592
10201
10270
10540
11130
81929
83852
283489
23047
23126
23212
23310
23481
25970
54984
56984
64151
1198
1457
1965
2241
5292
6792
7443
7444
8986
9252
10645
27102
51755
57396
9564
2767
2277
3672
7941
51192
63916
8086
60626
1387
1487
1786
1788
1810
2145
3141
3720
201161
4678
5245
5253
6601
6602
6871
6877
6879
6883
7270
7862
8089
8726
8850
9219
9757
9767
9913
10432
10629
10664
10765
10902
11091
11143
11176
79595
79813
79831
79885
79960
80312
27350
8846
10930
79068
121642
80314
80335
80853
80854
83933
84444
84661
22893
22933
23081
23133
23186
23338
23476
23522
23741
23774
26610
27097
27154
29117
30827
112869
116143
51111
51548
51562
51773
53615
54107
54556
54904
55352
55689
55929
56655
57325
57634
58508
64324
64754
2107
2935
5110
10196
79918
80204
29104
51451
51504
8260
80155
114799
5223
5224
5226
6120
6612
8554
9063
9563
10054
10055
10401
25796
51422
51588
57491
9856
26039
3171
57048
64577
220
1798
4597
4598
10901
22845
23590
57107
112770
6294
7533
994
8289
9282
9440
9862
9967
9969
10025
10197
10499
23543
90390
29079
1307
2355
8649
10325
10670
80310
5111
10036
55723
10714
3992
4048
4258
3108
3119
3146
4437
5395
6778
7374
8741
9156
9655
23075
10241
11140
58191
64599
83990
6944
22882
51665
55183
3074
134549
3936
5376
6624
7572
29109
1510
5720
5721
6890
8943
9898
84687
1200
2760
2997
23154
1876
1977
5426
6873
7027
8450
8451
8462
84967
222229
25942
27000
29933
632
1776
1880
5727
7163
56262
9133
2274
23363
9261
2063
54463
51599
8476
23184
1660
5931
81570
678
9092
79576
84524
50488
7343
55729
3857
645
5498
7389
7390
2494
5205
7298
57704
825
140825
2060
6845
8411
8907
10228
26276
84619
84233
291
617
1312
3308
3396
3954
4358
4725
4899
5442
6182
6742
7019
7818
8834
9804
10059
10087
10105
10452
79017
79133
79736
285521
25813
26519
26520
374291
51024
51067
54471
54902
54927
54968
55154
55471
55669
56993
64083
64216
824
6598
7082
9412
9869
54892
149951
84817
51454
5888
79763
43847
8667
3646
995
5347
