5979
7038
7849
7080
673
7157
2304
3026
796
4914
7253
79577
7068
1027
5728
6513
6528
3958
4893
7066
7173
595
9232
999
51343
4609
56892
3265
8031
78986
285193
3880
5290
8030
1499
5468
3845
5172
4233
8731
79052
846
7345
5741
51651
4221
8458
6693
10522
2277
7270
11186
10342
6696
30827
23085
7170
6271
5727
6774
7424
114568
5602
10142
7033
80155
238
51079
5286
4152
5108
9950
440270
682
8805
8600
7839
5987
948
729582
8277
1964
9370
2120
4921
7086
690
4982
56729
2272
1956
3630
1803
632
7175
1594
7421
4916
7515
4524
7422
596
51592
84668
619501
4582
7431
2321
25802
3791
57522
1113
1950
1734
2353
9180
4830
6023
9562
6750
797
2674
6751
6752
429
6755
1910
2668
887
2520
6648
1081
5573
3084
50975
2707
6768
5265
4038
10205
11098
3043
85344
23609
9902
3547
23052
6258
8974
1001
1013
3597
9110
